0.000000000000000000e+00 -5.140544530157890174e-02 -1.505100507973551049e-01
8.594821562136373272e-01 -5.442265897496279675e-02 -1.477309529529954035e-01
1.049974250032112311e+00 -5.433760674856490114e-02 -1.464115119006328958e-01
1.337980154489381235e+00 -5.480470441592170255e-02 -1.464441328858638869e-01
1.528472218607591193e+00 -5.461506039673719864e-02 -1.487096024905432967e-01
1.718964312426368268e+00 -5.286381513379469904e-02 -1.461921868049451956e-01
1.909456406245145343e+00 -5.463456180961039771e-02 -1.449762741360501872e-01
2.197462310702112287e+00 -5.418760711725840312e-02 -1.439700608343164046e-01
2.387954404521191343e+00 -5.554766603048259810e-02 -1.459241365005299884e-01
2.578446468639401079e+00 -5.539841522686939773e-02 -1.445263840311681036e-01
3.628420718670909206e+00 -5.585846622178369802e-02 -1.412784210873679891e-01
3.916426623128178353e+00 -5.613250380198069739e-02 -1.410078204705867977e-01
4.106918716946955428e+00 -5.664873699031439808e-02 -1.403324810081376939e-01
4.297410810765732059e+00 -5.578476900788800069e-02 -1.407747015924712131e-01
4.487902904584509578e+00 -5.805353383395250172e-02 -1.384475235672033011e-01
4.775908779340909405e+00 -5.830823677837360108e-02 -1.400241390228771088e-01
4.966400873159988016e+00 -5.752134482487159667e-02 -1.374006377988566119e-01
5.156892966978463555e+00 -5.656726922190109808e-02 -1.373430850578798990e-01
5.347385060797542167e+00 -5.795668570206929937e-02 -1.384578016881911899e-01
6.016375123192100105e+00 -5.848864573133900208e-02 -1.362663268537452899e-01
6.206867217010273663e+00 -6.028856256944350317e-02 -1.339109115146674966e-01
6.494873121467541921e+00 -5.812761827943849907e-02 -1.337914915756447110e-01
6.685365215286319440e+00 -6.004359754980780062e-02 -1.314863947327044036e-01
6.875857279404831601e+00 -6.045195487255820149e-02 -1.314995266868861923e-01
7.066349373223608232e+00 -6.069889258731180071e-02 -1.316104262843333927e-01
7.354355277680575398e+00 -6.058554832886769992e-02 -1.306029236195616061e-01
7.544847371499654898e+00 -6.146938739800349855e-02 -1.289521224373638975e-01
7.735339465317827568e+00 -5.903037677969680264e-02 -1.299192331408438872e-01
8.594821621531162137e+00 -6.028774497020070178e-02 -1.262574600201744890e-01
9.454303777744195614e+00 -6.147957356703809967e-02 -1.243905515185228933e-01
1.031378596365749267e+01 -6.004042495309089983e-02 -1.240804332349487032e-01
1.117326809017056455e+01 -6.194698812060819848e-02 -1.244574870183567938e-01
1.203275027608355963e+01 -6.445024057766199355e-02 -1.227618607086325975e-01
1.222324234020237377e+01 -6.136343310098429926e-02 -1.228045967432210978e-01
1.251124827435930342e+01 -6.167998205349990021e-02 -1.213723447701375024e-01
1.270174033847811756e+01 -6.237650988393649704e-02 -1.210490613120579068e-01
1.289223246199685669e+01 -6.033791243656610320e-02 -1.214166905669959995e-01
1.308272452611567260e+01 -6.180875615551000013e-02 -1.202391846150853011e-01
1.337073040087207154e+01 -6.178113908144759747e-02 -1.198346350386756964e-01
1.356122252439111264e+01 -6.103471420496729694e-02 -1.195545853536710973e-01
1.375171458850992856e+01 -6.356977323201090657e-02 -1.182650515641582023e-01
1.442070465090388076e+01 -6.113206729700230296e-02 -1.193339929029009067e-01
1.461119677442322562e+01 -6.186756492425710130e-02 -1.170181183525633994e-01
1.480168883854143580e+01 -6.185390468176479861e-02 -1.168047013008175067e-01
1.508969477269866744e+01 -6.196928912324840139e-02 -1.169119098586235000e-01
1.528018677741664888e+01 -6.266989417452249744e-02 -1.171709238094535976e-01
1.547067890093569176e+01 -6.141194081728960225e-02 -1.148252863270386032e-01
1.566117102445503662e+01 -6.149669874600539876e-02 -1.171725035660863001e-01
1.594917689921143555e+01 -6.099272547029960245e-02 -1.137084345503980992e-01
1.652065315096719900e+01 -5.998667895025069918e-02 -1.129929429736877960e-01
1.718964327276259141e+01 -6.024821307356140188e-02 -1.116489570638476980e-01
1.738013533688079804e+01 -5.894623168789499962e-02 -1.132023630030184053e-01
1.766814121163719875e+01 -5.907432039883679653e-02 -1.150733886653250992e-01
1.957759758818207985e+01 -5.989303765324530127e-02 -1.096007657318291972e-01
1.976808971170112272e+01 -5.687757162065640304e-02 -1.105392497220896025e-01
1.995858183522016560e+01 -5.820330739445540164e-02 -1.069383584256627939e-01
2.024658770997686474e+01 -5.869826317572839763e-02 -1.079869623227529968e-01
2.043707983349590762e+01 -5.925853828838369836e-02 -1.093416041863938953e-01
2.062757189761441978e+01 -5.852052317788900004e-02 -1.086367566519551991e-01
2.081806396173293194e+01 -5.722369639911920047e-02 -1.082626663642344972e-01
2.110606983648993662e+01 -5.943747714737109694e-02 -1.085261825008835973e-01
2.129656196000867752e+01 -5.791606545630820224e-02 -1.075324297970180060e-01
2.148705408352741486e+01 -5.912894983739200305e-02 -1.072627865616169046e-01
2.167754614764622900e+01 -6.073684445731959702e-02 -1.062032220089278028e-01
2.196555202240293170e+01 -5.984247632157980307e-02 -1.068015254836685995e-01
2.215604408652144386e+01 -5.940661078162969705e-02 -1.064117298360351960e-01
2.234653621004048674e+01 -6.049191077062369970e-02 -1.064554826630974976e-01
2.253702833355952961e+01 -5.923845470486129722e-02 -1.067305523784155968e-01
2.320601833655325308e+01 -6.044188657889389832e-02 -1.064490328578549944e-01
2.339651046007229596e+01 -6.039690474128629749e-02 -1.047673020002377053e-01
2.368451639422952937e+01 -5.999797278711010290e-02 -1.052948056064031968e-01
2.387500845834804153e+01 -6.098545379864409727e-02 -1.046064900097502942e-01
2.406550052246685567e+01 -5.966988071737960170e-02 -1.055279944056883995e-01
2.425599258658506585e+01 -6.057728753365029806e-02 -1.042460198263635007e-01
2.454399852074229571e+01 -6.128176630910309869e-02 -1.049989153247748025e-01
2.473449064426133859e+01 -5.860456393088060018e-02 -1.034355833872134950e-01
2.492498270837985075e+01 -6.023802266702019820e-02 -1.032807730267572000e-01
2.511547477249836291e+01 -5.986851414173859770e-02 -1.038774154914554049e-01
2.540348064725506561e+01 -5.832135661971180052e-02 -1.032275480439748955e-01
2.559397277077440691e+01 -6.010247274840879728e-02 -1.015992681020987942e-01
5.497510966183467929e+01 7.403662022551000437e-04 -9.280790836723820658e-02
5.516560178535342374e+01 3.592233391132100030e-03 -9.445055149989479981e-02
5.545360766011042131e+01 3.678216810406999965e-03 -9.504865174380290604e-02
5.564409975392860019e+01 3.803590633559100070e-03 -9.526778588132500669e-02
5.669407400396070784e+01 7.589814443491799990e-03 -9.777864222762240598e-02
5.736306409605553114e+01 1.077881566155629994e-02 -9.723199053082659526e-02
5.755355616017374132e+01 1.086686881958929922e-02 -9.595867655762939374e-02
5.841303834608704193e+01 1.427452945071030002e-02 -9.859039968515920238e-02
5.860353041020555054e+01 1.564812676076169848e-02 -9.708997937475849493e-02
5.889153631466251682e+01 1.521528208764139946e-02 -9.965358587305529758e-02
5.908202840848129966e+01 1.463010838756900051e-02 -9.974373816414769389e-02
5.927252047259950984e+01 1.654062807649910039e-02 -1.004855702973772996e-01
5.946301259611885115e+01 1.772287450517770133e-02 -1.010724034831582963e-01
5.975101847087555029e+01 1.906323994377679895e-02 -1.018251847279676991e-01
5.994151056469432604e+01 1.939187588546630037e-02 -9.976177221076369672e-02
6.080099272090735951e+01 2.094914004087640100e-02 -1.025754141921182000e-01
6.099148481472614236e+01 2.163814580010699901e-02 -1.049192859722797994e-01
6.118197690854461257e+01 2.031158451402419879e-02 -1.036203570108431005e-01
6.185096697093917584e+01 2.426113141422839986e-02 -1.065713236364290994e-01
6.204145906475825001e+01 2.379626846772189830e-02 -1.044279655827348025e-01
6.232946496921461232e+01 2.488094588738919838e-02 -1.049359680756122015e-01
6.251995706303369360e+01 2.445772245758810054e-02 -1.068774861478165999e-01
6.271044915685217092e+01 2.515120942940389862e-02 -1.060686164169244022e-01
6.290094122097098506e+01 2.596010281039159984e-02 -1.072898670364556967e-01
6.318894712542795133e+01 2.521062713460209964e-02 -1.079342447436662938e-01
6.337943921924672708e+01 2.513291302755070108e-02 -1.079847530475794987e-01
6.356993131306580835e+01 2.582081681499360029e-02 -1.084990631506222020e-01
6.442941346927854340e+01 2.738594649988750074e-02 -1.104525498591961002e-01
6.461990556309731915e+01 2.788233744463630009e-02 -1.095916134275928960e-01
6.490791146755428542e+01 2.697006078908659871e-02 -1.099947988868718030e-01
6.547938771931035262e+01 3.047228891294759962e-02 -1.106534357400131008e-01
6.576739362376731890e+01 2.948941775017049904e-02 -1.114185351967142967e-01
6.595788571758609464e+01 3.055622312715219890e-02 -1.126604058111255052e-01
6.614837781140487039e+01 2.986653197955469949e-02 -1.116315996195507976e-01
6.633886987552307346e+01 3.008964733531540106e-02 -1.133017318372901011e-01
6.662687577998035238e+01 3.098925520296439903e-02 -1.143400640710973970e-01
6.681736787379912812e+01 3.015879309968510016e-02 -1.131074590210704028e-01
6.700785996761790386e+01 2.969358942306590116e-02 -1.138989445231758935e-01
6.767685003001216160e+01 3.073610671718469967e-02 -1.155996579029573007e-01
6.786734212383093734e+01 3.112635376314299915e-02 -1.161382721981547017e-01
6.872682428004426924e+01 3.049089497062380111e-02 -1.194860469659031060e-01
6.891731637386244813e+01 3.052637437075739896e-02 -1.194736780806456983e-01
6.920532227831971284e+01 3.008140556729610102e-02 -1.199855551208493937e-01
7.044578862216999937e+01 3.029881410397580049e-02 -1.208576992113471055e-01
7.130527077838362970e+01 3.267494432878510074e-02 -1.244112120362813045e-01
7.149576287220210702e+01 3.293118348576420246e-02 -1.242639452260539956e-01
7.178376874695881327e+01 3.152746860018899866e-02 -1.241868586682751963e-01
7.197426087047755061e+01 2.994864115673720115e-02 -1.253925150542815059e-01
7.216475293459636475e+01 3.230036338529299750e-02 -1.257040369558050930e-01
7.235524502841514050e+01 3.339839157054799723e-02 -1.271146975125292122e-01
7.264325093287210677e+01 3.075305637083909985e-02 -1.275913668782175936e-01
7.283374299699062249e+01 3.365069508014029848e-02 -1.262830428702862995e-01
7.302423512050965826e+01 3.260432313823090344e-02 -1.256346981571914989e-01
7.321472718462817397e+01 3.202294488866269662e-02 -1.266872208832791891e-01
7.369322518290391599e+01 3.147083329461199813e-02 -1.282360919362461049e-01
7.388371724702273013e+01 3.216397564499989814e-02 -1.269517872468743924e-01
7.474319943293572521e+01 3.065412226348850078e-02 -1.278821570469650948e-01
7.493369152675450096e+01 3.208629315594829778e-02 -1.286091411161277009e-01
7.560268158914846026e+01 3.229898900256159694e-02 -1.282652441787942021e-01
7.579317368296753443e+01 3.139779855105039735e-02 -1.268545210684519919e-01
7.646216374536179217e+01 3.219593992667960092e-02 -1.287749268408857062e-01
7.732164593127508567e+01 3.199340971465969991e-02 -1.311047949495720011e-01
7.751213799539360139e+01 3.284970968945279818e-02 -1.291280407022105114e-01
7.780014392955084190e+01 3.266083331123109668e-02 -1.288510734463050034e-01
7.799063599366965605e+01 3.238348407682629937e-02 -1.285248128691725000e-01
7.818112808748811915e+01 3.450793350681589933e-02 -1.290668229321376981e-01
7.904061024370115263e+01 3.387767056528689924e-02 -1.299502180027876930e-01
7.990009242961475877e+01 3.713206259134539666e-02 -1.312176940829861971e-01
8.009058449373296185e+01 3.673470316406619862e-02 -1.311034253071511058e-01
8.228804680443447239e+01 4.410669238069959974e-02 -1.328194811493980110e-01
8.247853892795382080e+01 4.441751995449230023e-02 -1.334292945880153902e-01
8.266903099207202388e+01 4.448148140013249985e-02 -1.316874011937911038e-01
9.144527362280619798e+01 5.333810529366050240e-02 -1.450513471741003979e-01
9.163576571662527215e+01 5.372243387314849794e-02 -1.436133698298107941e-01
9.182625778074378786e+01 5.291508322839640066e-02 -1.449339689717747959e-01
9.201674990426282363e+01 5.443166271343490015e-02 -1.448808978087794963e-01
9.230475577901982831e+01 5.311509107858809753e-02 -1.443212127281990054e-01
9.249524787283830563e+01 5.334164569020680147e-02 -1.446245760880729980e-01
9.268573996665739401e+01 5.535649753477409757e-02 -1.470619914951281082e-01
9.440470427908314832e+01 5.282286725742710298e-02 -1.480817688765057871e-01
9.459519634320136561e+01 5.211644799849059900e-02 -1.485302519439916091e-01
9.488320227735889034e+01 5.210775951137189971e-02 -1.474604158459658088e-01
9.507369434147710763e+01 5.141209953081850303e-02 -1.490268537475099020e-01
9.526418646499645604e+01 5.252537552788150155e-02 -1.488338204414852983e-01
9.545467852911495754e+01 5.321239801953939891e-02 -1.477623267019501918e-01
9.574268443357192382e+01 5.179271943018930180e-02 -1.497771897100763083e-01
9.593317652739071377e+01 5.149756121836619738e-02 -1.486079932507393120e-01
9.612366859150891685e+01 5.013657344203570343e-02 -1.497071205201188915e-01
9.631416071502826526e+01 5.049744810963979758e-02 -1.506737460674408002e-01
9.698315077742221035e+01 5.071013560468159986e-02 -1.535727409689038037e-01
9.765214083981676652e+01 4.986807559480559843e-02 -1.542292722884200107e-01
9.784263293363585490e+01 4.931427732706800127e-02 -1.528016832511968071e-01
9.937110518194340614e+01 4.749098939336599684e-02 -1.549389411019000129e-01
9.956159727576158502e+01 4.676542363747079878e-02 -1.562830197108587005e-01
9.975208933988039917e+01 4.587275358635849870e-02 -1.575362344656285885e-01
1.000400952443373654e+02 4.537395145905569888e-02 -1.585295143516420036e-01
1.002305873381561412e+02 4.620207655448999723e-02 -1.583775488754498029e-01
1.004210794319752154e+02 4.817662188813479768e-02 -1.584970708515071047e-01
1.006115715257936927e+02 4.589013518965229937e-02 -1.571936999217102005e-01
1.008995774005503989e+02 4.731843627254850304e-02 -1.575461240080033021e-01
1.010900694943691747e+02 4.468856845640550163e-02 -1.589485350918931061e-01
1.012805615881879504e+02 4.641540863447399939e-02 -1.570751707831959942e-01
1.014710536820067261e+02 4.506935458218150337e-02 -1.571371894891739063e-01
1.017590595864636924e+02 4.440548043481899743e-02 -1.570540685757614019e-01
1.019495516505822081e+02 4.479711373346199899e-02 -1.573429672686847969e-01
1.021400437444009839e+02 4.557200010698179982e-02 -1.570325478300060862e-01
1.028090338364955016e+02 4.369338322250369833e-02 -1.589567658495180114e-01
1.029995259006143158e+02 4.354318754020940208e-02 -1.582492957603154893e-01
1.036685159927085351e+02 4.120015869084930199e-02 -1.578676304372350070e-01
1.038590080865273109e+02 4.209923174353590036e-02 -1.575850396538920895e-01
1.040495001506458266e+02 4.377202983709239936e-02 -1.580212411308702936e-01
1.043375060551024944e+02 4.092607526331509815e-02 -1.570457574863692030e-01
1.045279981489218670e+02 4.452358216527210061e-02 -1.582958886054401937e-01
1.047184902427400459e+02 4.207463987889670243e-02 -1.586533312740361912e-01
1.053874803051346021e+02 4.176914820772639758e-02 -1.590108001620361977e-01
1.055779723989536762e+02 4.268751299127850063e-02 -1.569325877175787032e-01
1.062469624910475972e+02 4.152294502811289950e-02 -1.576430893960222013e-01
1.064374545551664113e+02 4.374997053242490191e-02 -1.555687240313443076e-01
1.066279466489851870e+02 4.192415955663689880e-02 -1.555884306547097862e-01
1.081564188972927383e+02 4.316546720467510229e-02 -1.545227687851558063e-01
1.088254089893872560e+02 4.047648396442080077e-02 -1.517992382824140951e-01
1.090159010535057718e+02 4.339582960677140083e-02 -1.527319955859215983e-01
1.092063931473245475e+02 4.462891557433879691e-02 -1.514558358252902914e-01
1.094943990517815138e+02 4.463921203325200288e-02 -1.502845499443430100e-01
1.096848911159000295e+02 4.535768529222399675e-02 -1.518411630146143942e-01
1.098753832394190653e+02 4.391335566929240042e-02 -1.503768456869148951e-01
1.100658753035375810e+02 4.261546429001299846e-02 -1.488692671606142992e-01
1.103538812079945473e+02 4.353326231336700214e-02 -1.496509413976896963e-01
1.105443733018133230e+02 4.585354526611799819e-02 -1.499866200911605940e-01
1.107348653659321371e+02 4.485489312108890264e-02 -1.488688984774358959e-01
1.109253574597506145e+02 4.390100552378799897e-02 -1.472358663980277982e-01
1.112133633642075807e+02 4.543202822213730091e-02 -1.475843485688994039e-01
1.114038554580263565e+02 4.429001031777810016e-02 -1.468741511678260947e-01
1.115943475518451322e+02 4.280629754048120156e-02 -1.481899313393356954e-01
1.124538297080581657e+02 4.598573010518979681e-02 -1.466969655591411070e-01
1.131228198001526977e+02 4.538472424892069784e-02 -1.485837111880624894e-01
1.133133118642711992e+02 4.631182562031509881e-02 -1.465982528945294905e-01
1.135038039580899749e+02 4.520309375335779950e-02 -1.497982416927224059e-01
1.137918098625469412e+02 4.787778147350139901e-02 -1.478165970898538961e-01
1.139823019266654569e+02 4.810559074602840240e-02 -1.492307760300704000e-01
1.141727940501848053e+02 4.867366682621369900e-02 -1.478599211893288912e-01
1.143632861143030084e+02 4.656291080497469703e-02 -1.480109112449713993e-01
1.146512920484602489e+02 4.901578093540529674e-02 -1.484403229366894894e-01
1.148417841125787646e+02 4.960644433991549807e-02 -1.488042933222827879e-01
1.150322761766969677e+02 4.984041029442289744e-02 -1.482057607549520928e-01
1.152227683002163161e+02 5.070188351285249972e-02 -1.465731572783210979e-01
1.155107741749730081e+02 4.988193561826340106e-02 -1.459955623514060941e-01
1.157012662984923566e+02 4.968537112257059851e-02 -1.460768001660217030e-01
1.158917583626105738e+02 5.109251334848240178e-02 -1.482687685241990128e-01
1.160822504267287769e+02 5.066134914567659714e-02 -1.473212004999709113e-01
1.163702563608863159e+02 5.132115368175670100e-02 -1.454752238803924957e-01
1.165607484250045189e+02 5.313100818826590327e-02 -1.475183611601804112e-01
1.167512405485238673e+02 5.305862849810619869e-02 -1.460231874591265133e-01
1.174202306109181251e+02 5.376166106296070141e-02 -1.463277442351534896e-01
1.176107226750363282e+02 5.452491195757110110e-02 -1.455000728179700054e-01
1.184702048609499343e+02 5.557166346248639671e-02 -1.458546419628800050e-01
1.193296869874626935e+02 5.998197805885349676e-02 -1.454996278800896881e-01
1.511645434608790595e+02 7.870456893079469385e-02 -1.582383749273393037e-01
1.513550355249978736e+02 7.886021056796239936e-02 -1.587410125575189901e-01
1.515455276485166110e+02 7.933365794739019594e-02 -1.573916774016234921e-01
1.518335335232736156e+02 7.850493565065809476e-02 -1.585187453714040073e-01
1.520240256170917803e+02 8.032963650016640422e-02 -1.601330472214146927e-01
1.522145177109111671e+02 8.104660040827739442e-02 -1.597835786176639017e-01
1.528835077733054391e+02 8.164605083077650094e-02 -1.605499088459156065e-01
1.530739998671239164e+02 8.224574506697120146e-02 -1.590509644927139976e-01
1.532644919609429905e+02 8.293592994102019778e-02 -1.586067441215832097e-01
1.535524978356993699e+02 8.424063294372939603e-02 -1.598236731513666964e-01
1.537429899592187326e+02 8.312901199844169309e-02 -1.621188081509364054e-01
1.539334820233369499e+02 8.465888945408979460e-02 -1.613766029795015988e-01
1.546024720857311934e+02 8.660388684128179915e-02 -1.631284279607680132e-01
1.547929642092502434e+02 8.819145348971940690e-02 -1.613841003176595124e-01
1.549834562733687449e+02 8.852976966610319465e-02 -1.642082022879017000e-01
1.556524463357627042e+02 9.187716512936400237e-02 -1.664320677666120962e-01
1.573714107075896038e+02 9.710780352974679452e-02 -1.686232971556455018e-01
1.575619027717078211e+02 9.637340316007339536e-02 -1.698679262455103089e-01
1.578499086464648258e+02 9.833540890999920014e-02 -1.724686353358773905e-01
1.580404007699838473e+02 9.966678880558929587e-02 -1.735412489890142962e-01
1.582308928341023773e+02 9.888056430656949614e-02 -1.745513269250960897e-01
1.588998828964966208e+02 1.016685863189819017e-01 -1.767144782107666900e-01
1.590903750200153581e+02 1.017963367691984006e-01 -1.763595655618689084e-01
1.592808670841341723e+02 1.043301231523874051e-01 -1.768926010918885072e-01
1.599498571465284442e+02 1.064094228387376939e-01 -1.786447074230280985e-01
1.608093393324417377e+02 1.063118786345634975e-01 -1.792991001335821899e-01
1.616688215183550312e+02 1.102750961576230981e-01 -1.841282894729547870e-01
1.625283036448678047e+02 1.108942685684539964e-01 -1.866047373455269887e-01
1.627187957683868262e+02 1.102676600131751034e-01 -1.846622477031578946e-01
1.630068016431435467e+02 1.107358653764615036e-01 -1.831714175105828013e-01
1.631972937072623608e+02 1.101811770272292934e-01 -1.866455002928218976e-01
1.633877857713805781e+02 1.100859337122108983e-01 -1.854421116553340021e-01
1.635782778948999123e+02 1.102155096882931062e-01 -1.864670723440675915e-01
1.642472679572938716e+02 1.120060561479448019e-01 -1.893543412241119883e-01
1.644377600214120605e+02 1.145763825705171934e-01 -1.896785199802359934e-01
1.647257659555698979e+02 1.131754402893352940e-01 -1.906629358375760974e-01
1.649162580790886636e+02 1.145437146313846993e-01 -1.913848501138699087e-01
1.651067501432074778e+02 1.118369536505434969e-01 -1.932916601670399137e-01
1.657757402056014087e+02 1.130224221896947018e-01 -1.926789357569810013e-01
1.659662323291204586e+02 1.129544180494019973e-01 -1.929591631670617979e-01
1.668257144556332321e+02 1.141296614570987966e-01 -1.961702274211745978e-01
1.670162065791525663e+02 1.138410792835781032e-01 -1.975315501050884937e-01
1.673042124539089741e+02 1.148610958053855047e-01 -1.995403254383744940e-01
1.687351708321778005e+02 1.160881792920809008e-01 -2.006099613624761080e-01
1.690231767663350411e+02 1.161596069497070061e-01 -2.014639025578101039e-01
1.692136688304535426e+02 1.160436414370580038e-01 -2.055417268493699989e-01
1.694041609539725926e+02 1.161859447200701001e-01 -2.065974756510141896e-01
1.695946530774919268e+02 1.169682649470864949e-01 -2.059731991575907972e-01
1.698826588928478145e+02 1.158027993479620044e-01 -2.064741666226403982e-01
1.700731510163665519e+02 1.167210854833583000e-01 -2.076178343073517008e-01
1.702636430804853660e+02 1.146762421624444028e-01 -2.054228955541760882e-01
1.704541352040044160e+02 1.158437344018528048e-01 -2.097937333545688010e-01
1.707421410787611080e+02 1.159018271868711980e-01 -2.097168229419349994e-01
1.709326331428796095e+02 1.143297551709868964e-01 -2.113155905518757927e-01
1.711231252663986595e+02 1.169561521813747978e-01 -2.135652893498309057e-01
1.713136173305171610e+02 1.168583451195813055e-01 -2.147029418477819918e-01
1.716016232646740889e+02 1.158095916555505062e-01 -2.163879698126318085e-01
1.717921153287929030e+02 1.172567568545228034e-01 -2.175293710517340051e-01
1.719826073929117172e+02 1.154437426249654008e-01 -2.170564057269220026e-01
1.721730995164304545e+02 1.165001651662584958e-01 -2.202253114612922891e-01
1.728420896382252465e+02 1.137290529334577943e-01 -2.237440424246623094e-01
1.730325816429435406e+02 1.141062921971137956e-01 -2.259592846491798035e-01
1.733205875771004685e+02 1.145156617529494991e-01 -2.264182235897496953e-01
1.735110796412192826e+02 1.127354738763444025e-01 -2.284336540031957907e-01
1.737015717647380200e+02 1.148163399990422967e-01 -2.289673211804834907e-01
1.738920638882567573e+02 1.126818141279614938e-01 -2.312698353000058882e-01
1.741800697036135261e+02 1.150488502482376052e-01 -2.321431393877450011e-01
1.752300439536450369e+02 1.117964193294744002e-01 -2.372172363459530975e-01
1.754205360771640869e+02 1.119777184903425066e-01 -2.412923491644191065e-01
1.756110281412825884e+02 1.138596239813172012e-01 -2.420511976102454887e-01
1.758990340754398289e+02 1.127555949613461977e-01 -2.434527991486848120e-01
1.760895261395586431e+02 1.136473914916117933e-01 -2.428801703852994098e-01
1.762800182036768604e+02 1.106943791444434944e-01 -2.459582721644157921e-01
1.764705103271961946e+02 1.106640755636588008e-01 -2.450201094548642988e-01
1.767585162019526024e+02 1.091958829201346015e-01 -2.466373002738077025e-01
1.769490083254716524e+02 1.098630382936490041e-01 -2.459870023554243945e-01
1.773299924537086554e+02 1.095542915540748952e-01 -2.494529423512996946e-01
1.776179983878658959e+02 1.092784935651973932e-01 -2.516743101863184728e-01
1.778084904519843974e+02 1.096193057244600061e-01 -2.529465729316031086e-01
1.779989825755037600e+02 1.095136539185194990e-01 -2.518377298869335923e-01
1.781894746396219773e+02 1.091383326386217989e-01 -2.550249076282781746e-01
1.784774805440789294e+02 1.075156639762647054e-01 -2.547671016279619005e-01
1.883966757377257579e+02 7.503054403965060681e-02 -2.993334989876528240e-01
1.890656658298205741e+02 6.888896440534510168e-02 -2.981916874055903222e-01
1.892561578939387914e+02 6.897862213312820623e-02 -2.980660231366136226e-01
1.901156400798520849e+02 6.389228247755800172e-02 -2.993877810887933810e-01
1.904036459546088054e+02 6.358105768917489409e-02 -2.979624325725611089e-01
1.905941380781281396e+02 6.254971435446819716e-02 -3.003750785192363937e-01
1.907846301422463569e+02 6.135582438650399872e-02 -2.990398083331423096e-01
1.909751222360651184e+02 5.956311711636989858e-02 -3.003203758449263794e-01
1.912631281405220989e+02 5.958503052928069976e-02 -2.994383707220352742e-01
1.914536202046403162e+02 5.532725571522709856e-02 -3.036627815887641968e-01
1.916441123281596504e+02 5.617862217926940238e-02 -3.008559740821054040e-01
1.918346043922781519e+02 5.582717088711249692e-02 -3.018257270989623819e-01
1.921226103264353924e+02 5.258657126016570010e-02 -3.036344449770522202e-01
1.923131023905538939e+02 5.323465029478020166e-02 -3.037780743127704852e-01
1.925035944546724238e+02 5.216485782515180303e-02 -3.041327714047293851e-01
1.926940865781914454e+02 5.044543134223850034e-02 -3.047072164466974042e-01
1.929820924529478532e+02 4.768632139554170035e-02 -3.037842256125402041e-01
1.931725845764671874e+02 4.845925187028259778e-02 -3.029592494094733857e-01
1.933630766405854047e+02 4.721982034914939952e-02 -3.049284672285699216e-01
1.935535687047042188e+02 4.595737977982149863e-02 -3.052074284923391723e-01
1.938415746388614593e+02 4.388037819491399927e-02 -3.058590177656306808e-01
1.940320667029799608e+02 4.403697577591839801e-02 -3.045224626600772089e-01
1.942225588264990108e+02 4.458122852648140066e-02 -3.032838574208507887e-01
1.944130508906172281e+02 4.180713866580249710e-02 -3.047824654503972774e-01
1.947010567653742328e+02 4.135314456146149675e-02 -3.058380212477553872e-01
1.948915488888929701e+02 4.089922845462780343e-02 -3.086527865219128031e-01
1.957510310154060278e+02 3.551856627233469788e-02 -3.092826918123022240e-01
1.959415231389247651e+02 3.488478054756669750e-02 -3.079702701584033919e-01
1.961320152030435793e+02 3.284678335707279934e-02 -3.076165546280567042e-01
1.964200211372005072e+02 3.121797695339889947e-02 -3.102743898829897762e-01
1.966105132013193213e+02 3.167067519725959984e-02 -3.104680339864459016e-01
1.974699953872326432e+02 2.663141850188449969e-02 -3.101088198295329224e-01
1.976604874513511447e+02 2.559849096984249950e-02 -3.109532920847873916e-01
1.978509795154699589e+02 2.286113518001050074e-02 -3.129991523734846903e-01
1.987104617013829397e+02 1.777115191590759868e-02 -3.135306284412078259e-01
1.989984675761396602e+02 1.615601531123320167e-02 -3.118613974475364925e-01
1.991889596996587102e+02 1.441660268115210058e-02 -3.126984981077438053e-01
1.993794517637775243e+02 1.340952126261820039e-02 -3.124429519146493806e-01
1.995699438872962617e+02 1.123535824695139941e-02 -3.140864083570947818e-01
1.998579497620529537e+02 9.521543618551300825e-03 -3.109588695820302839e-01
2.000484418261714552e+02 8.080705726226300109e-03 -3.113904467184467895e-01
2.002389339496905052e+02 6.510368916596999574e-03 -3.121400762598992018e-01
2.004294260138090067e+02 4.516510060489500183e-03 -3.131375270938728805e-01
2.007174319479662472e+02 4.960539797585599917e-03 -3.134956695806505045e-01
2.009079240120850613e+02 3.232532670953600171e-03 -3.139911170919664762e-01
2.010984160762032786e+02 1.217353937335400064e-03 -3.144942305738130939e-01
2.026268883245108157e+02 -8.099053555254599399e-03 -3.158200825128611999e-01
2.028173804480301783e+02 -8.560988105425300712e-03 -3.156746981396927887e-01
2.030078725121483956e+02 -1.069612116558820054e-02 -3.159833292018432993e-01
2.032958783869047750e+02 -1.206002206119969992e-02 -3.148962306683077972e-01
2.034863704510235891e+02 -1.557425430526480047e-02 -3.154561439238200982e-01
2.036768625745426391e+02 -1.404190414054730038e-02 -3.135947497474286805e-01
2.038673546980619733e+02 -1.603813738141189951e-02 -3.145033204395478177e-01
2.041553605728183811e+02 -1.687310834228079870e-02 -3.144545970699555992e-01
2.043458526369365984e+02 -1.889850223126959827e-02 -3.155450347252518051e-01
2.047268368245741499e+02 -2.264439213588050059e-02 -3.156643111395308066e-01
2.050148427587316746e+02 -2.482019629293069976e-02 -3.154819048305231854e-01
2.060648170087634981e+02 -2.924600073011009854e-02 -3.123164290717178049e-01
2.062553090728816869e+02 -2.994378770102689921e-02 -3.124183579132887023e-01
2.069242991352762715e+02 -3.315384498327639956e-02 -3.111098753372116277e-01
2.071147912587952931e+02 -3.189916617189519910e-02 -3.097316795836904113e-01
2.088337555118211526e+02 -4.230101211704120207e-02 -3.013723727270254948e-01
2.090242476353398899e+02 -4.101849079617100186e-02 -2.996911785656987126e-01
2.093122535100965820e+02 -4.484024320626069787e-02 -3.002838939332416746e-01
2.103622277601286896e+02 -4.711396828001360171e-02 -2.936756396610142872e-01
2.191974322775116661e+02 -5.813378076226859842e-02 -2.531809543690534126e-01
2.193879243416301676e+02 -5.856549411709049968e-02 -2.527793629138861964e-01
2.195784164651492176e+02 -5.876090165521429681e-02 -2.524527828486085035e-01
2.198664223399062223e+02 -6.020999402943739975e-02 -2.513025106049747159e-01
2.200569144337246996e+02 -6.071790803743540299e-02 -2.501094968591288104e-01
2.202474065275437738e+02 -6.126369159827430022e-02 -2.495094347813220925e-01
2.204378985916619911e+02 -6.092974480179089852e-02 -2.473699110908766929e-01
2.207259045258192032e+02 -6.034129643221400330e-02 -2.456754339639364015e-01
2.209163965899377331e+02 -6.214374544042979703e-02 -2.478974762864163961e-01
2.211068886540559220e+02 -6.315597540949530186e-02 -2.473217099854884971e-01
2.219663708399695281e+02 -6.470989364286580670e-02 -2.442861392185751990e-01
2.228258530258828216e+02 -7.034875855285820101e-02 -2.431825331465576889e-01
2.234948430882770936e+02 -7.004239477000580305e-02 -2.392413969007065044e-01
2.236853351523952824e+02 -7.031236711591029587e-02 -2.401630061209882872e-01
2.243543252444901270e+02 -6.998838815433880423e-02 -2.361710821246031100e-01
2.245448173383086043e+02 -6.924134286320519915e-02 -2.340915820734215114e-01
2.252138074007031605e+02 -7.190403989145870145e-02 -2.348369090040685891e-01
2.262637816507349555e+02 -7.271543090976309576e-02 -2.309272448687947898e-01
2.264542737445540297e+02 -7.236642513801090637e-02 -2.300493220286962959e-01
2.267422796490106975e+02 -7.221717195140960055e-02 -2.294356071069267866e-01
2.269327717428297717e+02 -7.274083764603760105e-02 -2.293222805362684080e-01
2.271232638366479648e+02 -7.274374277345170559e-02 -2.270538981052430960e-01
2.273137559007667790e+02 -7.298994480917819772e-02 -2.250321349347171873e-01
2.276017618052237310e+02 -7.276638324068229746e-02 -2.263607102087094036e-01
2.277922538990425210e+02 -7.319685963163799491e-02 -2.264587624175853076e-01
2.279827459928615951e+02 -7.406242398671179783e-02 -2.254945113673572921e-01
2.281732380866800725e+02 -7.324227664853709407e-02 -2.239243616575413987e-01
2.284612439614367645e+02 -7.200298127671260484e-02 -2.245639488740814871e-01
2.286517360552555544e+02 -7.153632024635929454e-02 -2.218123030071079971e-01
2.288422281490743160e+02 -7.137162748601960649e-02 -2.221532398501022965e-01
2.290327202428931059e+02 -7.210757043511299702e-02 -2.210376971532470036e-01
2.293207261473500580e+02 -7.149856603458649984e-02 -2.196490462056147064e-01
2.295112182114685879e+02 -7.280822390447229397e-02 -2.174118384706253959e-01
2.297017103052873495e+02 -7.228811883561270246e-02 -2.197919987218570903e-01
2.298922023991061394e+02 -7.235916681945189777e-02 -2.193123514684084951e-01
2.301802083035630915e+02 -7.245883754276509492e-02 -2.178546231294400948e-01
2.303707003973818814e+02 -7.214518345542429711e-02 -2.176520712536912094e-01
2.305611924615006956e+02 -7.109788810514110213e-02 -2.153828393360192051e-01
2.307516845553188602e+02 -7.082365575134179358e-02 -2.146424266299654104e-01
2.310396904597761250e+02 -7.093905082167639709e-02 -2.166701343343823971e-01
2.316111667115322064e+02 -7.135698528420429676e-02 -2.144259369765428025e-01
2.322801568036264257e+02 -7.040534029821650386e-02 -2.095739046056337984e-01
2.331396389598400560e+02 -7.127037880231039402e-02 -2.069948850379081107e-01
2.346681112081476215e+02 -6.787289511607200176e-02 -2.042516136122387027e-01
2.348586033019660988e+02 -6.859014589070759615e-02 -2.055580099572381914e-01
2.355275933643603423e+02 -6.676337721433620032e-02 -2.039949556292932065e-01
